827122800.905463	7077281.4206702905	215.57559438246918	12350.317530699756	-13.098880650015193	130.98202335788267	7503.955092492296	6811602.187573938	33527.3031566023	1920777.9114245756	-2036.9879334665281	126.06501796983179	7222.260042472624	4792822.714161723	4840237.480995583	1920777.9114245756	-1529.509410026226	-1351.226551872482	7222.260042472624	7077281.4206702905	12352.198830410845	0.0	-13.098880650015193	7505.098155293106	0.0	7077281.4206702905	7084.930186246614	10118.328923395138	-13.098880650015193	4304.747454377831	6147.81649649789	20267942.130119637	35374.26819616104	0.0	-7.740385485753029	4434.9096982050305	0.0
827122860.905463	7062157.664728084	8068.751157308659	462257.4804109199	-490.85420579205606	130.70210687517385	7487.873231606407	6675673.285778896	41018.211683030364	2349920.6575187882	-2492.428007645059	123.54777476332865	7077.664153409822	4691409.558389848	4749418.097571243	2349920.6732012155	-1849.7754275467394	-1675.0515270050118	7077.664646363248	7062157.584951812	462328.8559823624	-0.09620313265728368	-490.8592309544439	7489.059039652042	-0.0032044496032464665	7062157.639804729	265180.9387281458	378716.8223976124	-490.8557944446689	4295.547893655219	6134.640357401542	20265730.882521413	301458.15651669254	-0.0014313005976283877	-65.96680913183215	4434.425840069486	-4.770816147064614e-05
827122920.905463	7018419.095893831	15889.233609088293	910286.5331235613	-966.6009210363534	129.89263190238316	7441.373242850706	6512715.043834983	48343.042332101075	2769523.585796721	-2937.660506777612	120.53101382477095	6904.376971176063	4571001.129010494	4639368.634227613	2769523.641069495	-2162.470580883739	-1992.0118788160544	6904.377763267848	7018417.957829221	910432.1563692046	-0.3839960482075775	-966.6376732995591	7442.673795844954	-0.006382016050413657	7018418.7317066295	522202.4660450735	745776.5675677384	-966.6127593964306	4268.943709081225	6096.542540774952	20260026.340408888	567490.0811487106	-0.005724591885522133	-124.18186361542243	4433.177600123493	-9.53969487876025e-05
827122980.905463	6946244.6494395295	23645.33967651321	1354617.5846589275	-1438.3939474560593	128.5569725605118	7364.649437159339	6323394.440362148	55472.19100948791	3177886.3504059734	-3370.876149760047	117.0273038887897	6703.122258452016	4432089.973617925	4510539.782791623	3177886.4567360925	-2466.324373283538	-2300.8193455355413	6703.1231298238845	6946239.142008822	1354846.303706452	-0.8609915582601213	-1438.5132048585663	7366.1283552200875	-0.009506932539959647	6946242.8716467	777108.1631255908	1109806.4682784304	-1438.432619027942	4225.044406574336	6033.680267178638	20250829.48693472	833424.1849768327	-0.012878218107184548	-182.3755159762102	4431.165193420401	-0.00014304991960501726
827123040.905463	6845929.481599472	31305.654275553403	1793446.1881298907	-1904.3057568576687	126.7006904848075	7258.022083890716	6108485.460814867	62376.867654960675	3573355.4809528296	-3790.3185661004827	113.05119923221642	6474.738107327055	4275243.731326066	4363458.477196596	3573355.635996319	-2760.1051217479207	-2600.221672481845	6474.738818621912	6845912.575658697	1793770.289764351	-1.5232651722747912	-1904.5802401377214	7259.729564115909	-0.012553747947588395	6845923.99981027	1028865.3864999432	1469327.9266244746	-1904.3950701402885	4164.030549516869	5946.312758464328	20238141.907127295	1099214.6277386441	-0.022889537229241003	-240.53773693851969	4428.3889666644045	-0.0001906506410806507
827123100.905463	6717883.661393805	38839.160951427366	2224990.85154898	-2362.4348496539105	124.33150595225956	7121.935746803765	5868865.702798072	69029.21322510837	3954331.11833795	-4194.291566856095	108.61916660235757	6220.17272691946	4101102.649838287	4198725.575914184	3954331.3049828038	-3042.625047642096	-2889.0078059278194	6220.17302646237	6717843.38103928	2225425.1162857777	-2.3653786090203157	-2362.956143788372	7123.904007475543	-0.015497478863754147	6717870.56444694	1276454.4375706455	1822880.9283587944	-2362.6048296543845	4086.152899600841	5834.800002712613	20221965.78761782	1364815.593922074	-0.035754921639046	-298.6585026379002	4424.849398150942	-0.00023818269412164556
827123160.905463	6562630.359147982	46215.37025773658	2647500.4298259644	-2810.9140441264294	121.45925812577312	6956.956992760906	5605512.556990951	75402.4120458136	4319273.483660205	-4581.166014641954	103.74950408565586	5940.479765994057	3910376.805641739	4017013.2409676155	4319273.669512972	-3312.7450781676116	-3166.0128092277187	5940.479397356104	6562548.763507517	2648060.9324959028	-3.3804123645592092	-2811.788680828984	6959.196372352905	-0.0183137593155463	6562603.779385775	1518872.7405391866	2169030.0400307793	-2811.199647616003	3991.7312308586147	5699.601049370582	20202303.9162639	1630181.3006585152	-0.05146975909692095	-356.72779634678625	4420.547097684467	-0.00028562967762645834
827123220.905463	6380803.544724618	53404.44543539887	3059261.3611388667	-3247.918521138566	118.09585489252545	6763.7715006016415	5319498.988643865	81470.79907626545	4666709.053746933	-4949.386263622118	98.4622527682454	5636.813219540882	3703843.045300624	3819062.0308527304	4666709.191078029	-3569.379338697274	-3430.1224799985425	5636.811929221723	6380655.966660895	3059964.06074272	-4.560007175424314	-3249.2633572791924	6766.267356404729	-0.020978987427824863	6380755.406553143	1755138.939650571	2506370.2901409753	-3248.358119962292	3881.1528283788894	5541.271851078549	20179159.681669563	1895266.0056103347	-0.07002845394279715	-414.73561019893395	4415.482806473623	-0.00033297521272288954
827123280.905463	6173145.211700293	60377.324784171826	3458604.7126738024	-3671.6735731991807	114.2552128850727	6543.180604015582	5011988.946136396	87209.9616782545	4995236.419856742	-5297.4761478264945	92.77910206507445	5310.421969732428	3482341.6668649465	3605677.725808888	4995236.446003633	-3811.4993212424865	-3680.277652386924	5310.4195146965285	6172899.7910011215	3459463.883156611	-5.894414171233399	-3673.6106244330695	6545.891127910539	-0.023470468288546167	6173065.076818172	1984296.8972506938	2833532.907706909	-3672.3072579691275	3754.8706859291087	5360.4626725766975	20152537.072601896	2160024.014851414	-0.09142442855699723	-472.67194691233874	4409.6573970038135	-0.0003802029470011863
827123340.905463	5940502.146617788	67105.84015780395	3843913.002927362	-4080.4620125116408	109.95318836860265	6296.097307696192	4684232.424161477	92596.83553729356	5303531.809137744	-5624.044503523873	86.7232895972478	4962.644011857132	3246772.8611376486	3377727.9046828244	5303531.647349469	-4038.1377195496375	-3915.478173674465	4962.6401666673855	5940119.685095262	3844939.562653169	-7.372553467251137	-4083.1129202841835	6298.952345314209	-0.025766552295861715	5940377.164960286	2205419.5750776343	3149190.8929627407	-4081.3297752374965	3613.401419068488	5157.915090472755	20122440.67730435	2424409.690739369	-0.11565012507481463	-530.5268215103384	4403.071872887221	-0.00042729655874068737
827123400.905463	5683822.264976024	73562.8310572383	4213626.770259228	-4472.631199084057	105.20749975389444	6023.541820437888	4337560.209741479	97609.79443443558	5590354.251434354	-5927.790218492947	80.31949647873607	4594.900414773852	2998092.932961249	3136138.293120754	5590353.812125977	-4248.3919263396165	-4134.786549517848	4594.894978084353	5683256.419791337	4214826.572126755	-8.98208090450704	-4476.111521963511	6026.442745735998	-0.027846768279828987	5683637.236770863	2417612.7822637525	3452064.3964294908	-4473.771057511203	3457.3229122885928	4934.458610454747	20088875.682706837	2688377.459778093	-0.14269700735449442	-588.2902630406074	4395.727368690271	-0.0004742397611297582
827123460.905463	5404150.537749007	79722.25384364434	4566250.860104752	-4846.5996569214385	100.03764255126593	5726.636652046779	3973378.339510082	102228.73361826866	5854550.37694788	-6207.506807651451	73.59373883506008	4208.689063229343	2737310.3228124427	2881888.9030229175	5854549.559319899	-4441.427192860407	-4337.331256830194	4208.6818634256015	5403348.357601547	4567623.006292939	-10.709462603172613	-4851.013183466231	5729.457313362155	-0.02969195070949594	5403888.088241226	2620018.7746850927	3740925.884255724	-4848.045785410564	3287.271720221317	4691.006930692131	20051847.87353275	2951881.820469271	-0.17255556319816898	-645.9523162917467	4387.625149738593	-0.0005210163064774825
827123520.905463	5102624.533927918	85559.28564310462	4900360.406134853	-5200.863253546081	94.46479761496475	5406.601322906342	3593162.2965444215	106435.14657431399	6095058.833004488	-6462.086520430889	66.57325632010584	3805.5782261500103	2465481.4488554215	2616009.983124607	6095057.526970557	-4616.479455078382	-4522.309727545531	3805.569125959015	5101527.3308955785	4901895.651336202	-12.5400569541528	-5206.296533428481	5409.190040079261	-0.03128436031679008	5102265.39843464	2811819.6915302644	4014605.069501044	-5202.644185170461	3103.9402439829373	4428.553881649454	20011363.631303087	3214877.3511515213	-0.20521530682523198	-703.5030435071754	4378.766611899498	-0.0005676099904165051
827123580.905463	4780469.6058470635	91050.42256622785	5214606.483608719	-5534.000925369731	88.51173353971674	5064.746735752724	3198450.974552118	110212.19503294093	6310914.310711679	-6690.523990349469	59.28639832558766	3387.1999909175315	2183706.3892356902	2339577.800260819	6310912.399068478	-4772.857834370114	-4688.99101014551	3387.188890850402	4779014.144044373	5216285.788305084	-14.45820363442258	-5540.518208274326	5066.929292180287	-0.032607797492112275	4779993.018982707	2992240.8162438846	4271993.5908753555	-5536.137887534011	2908.073704269288	4148.169073327178	19967429.933237817	3477318.7178258076	-0.2406647815975909	-760.9325260960312	4369.153281342009	-0.0006140046560958645
827123640.905463	4438993.744888579	96173.57191748958	5507721.416128484	-5844.679938540373	82.20270406188206	4702.469258692079	2790840.4364634175	113544.7720961282	6501251.174544296	-6891.919441300072	51.76250849410655	2955.243598851391	1893124.423836064	2053710.2703670738	6501248.535310518	-4909.946823397265	-4836.718118766411	2955.230439386399	4437113.716116799	5509514.707070348	-16.44731919370925	-5852.318696690463	4704.052798426424	-0.0336477078328737	4438377.92418757	3160553.6503010485	4512049.422314401	-5847.185379923104	2700.4669328889204	3850.9932810558716	19920054.351054687	3739160.6819657837	-0.27889156299616547	-818.2308663407842	4358.786814274504	-0.0006601841983629175
827123700.905463	4079582.135579854	100908.13811945674	5778523.7199018	-6131.660681586451	75.56334128798053	4321.244566798898	2371977.493513095	116419.55839733256	6665306.689858421	-7065.481468032991	44.03180805486898	2511.4487118589486	1594909.4540104251	1759562.4576108535	6665303.198705725	-5027.208169883705	-4964.910081870884	2511.4334743207246	4077209.8821530677	5780388.908622314	-18.489998723858413	-6140.427872105855	4322.022276199493	-0.03439127925547861	4078804.8464605557	3316078.7895613136	4733800.998626756	-6134.5370417377135	2481.961004042329	3538.233600436808	19869245.04966569	4000358.1083117235	-0.31988226184794505	-875.3881891012741	4347.668996659984	-0.000706132567933319
827123760.905463	3703691.436131947	105235.10212505703	6025922.67238079	-6393.80099227633	68.62054552508967	3922.621286874448	1943553.1297880337	118825.07123699407	6802423.844964421	-7210.529410115625	36.12527840486294	2057.598634699424	1290265.3180071132	1458321.9592844336	6802419.377662025	-5124.182472227254	-5073.063703818246	2057.581340839363	3700759.8724143403	6027804.974530893	-20.568123087804103	-6403.6701906595645	3922.377713920006	-0.03482753011350037	3702730.6223039473	3458188.5942073916	4936351.0442521805	-6397.03975699101	2253.4397258652057	3211.158400900485	19815010.785771385	4260865.9726467	-0.36362252780287924	-932.3946435148757	4335.801743909052	-0.0007518337755484236
827123820.905463	3312843.8131585964	109137.09413566631	6248922.494714266	-6630.060026418736	61.40237242322519	3508.2144862600203	1507295.7960347997	120751.7066586671	6912053.765690661	-7326.495339278553	28.074543261635924	1595.5135117731625	980421.0189422993	1151204.19327015	6912048.200487011	-5200.490501260339	-5160.755053185772	1595.4942221045321	3309288.4903325634	6250754.083525163	-22.662971152671183	-6640.969533036498	3506.731329330525	-0.03494738780005859	3311678.2742716298	3586309.644472016	5118880.093892819	-6633.641102346633	2015.826011605311	2871.092105720581	19757360.906353362	4520639.369553675	-0.410097053059787	-989.2404046925043	4323.187100550619	-0.0007972718961186097
827123880.905463	2908620.75771582	112598.45948312627	6446626.139774022	-6839.501680698499	53.93791806234476	3079.699042164508	1064964.5953369597	122191.77444751648	6993757.721342666	-7412.925679539008	19.91175062080435	1127.0435120212014	666625.8813336866	839447.6040628599	6993750.941212238	-5255.834262048051	-5227.640691399221	1127.0223230083998	2904382.0111525385	6448326.156367555	-24.755336441352107	-6851.353669541282	3076.761224647058	-0.03474375735070385	2907230.854359278	3699924.97547666	5280649.695389253	-6843.393111887183	1770.0781483612013	2519.4098242678842	19696305.34706504	4779633.52015216	-0.4592895763404476	-1045.9156754101673	4309.827239880425	-0.000842431072852303
827123940.905463	2492656.7089715446	115605.31756918972	6618238.679556211	-7021.2975849550985	46.257202529521436	2638.8029229796703	618342.3821510138	123139.52604429261	7047208.721628051	-7469.48247790226	11.669454665850653	654.0620106218083	350144.6514033594	524308.8025489583	7047200.616318559	-5289.997808432871	-5273.45865417274	654.0390508648462	2487681.8244638853	6619713.61149926	-26.825647589104083	-7033.958328868148	2634.20476095598	-0.034211579604467336	2491025.07411383	3798576.085532593	5421005.286690805	-7025.4556225323195	1517.185979651663	2157.5318599239718	19631854.63052115	5037803.779813132	-0.5111828871109442	-1102.4106877957745	4295.724463587407	-0.0008872955213686895
827124000.905463	2066632.5108190207	118145.61378585547	6763070.287488741	-7174.729681493091	38.39105243894678	2187.3004077377745	169228.7951938121	123591.17537445136	7072192.704507	-7495.944340893095	3.3804977031505032	178.45877190112355	32252.555648438167	207057.65404042706	7072183.172331875	-5302.847821185935	-5298.029196514591	178.43419749216957	2060877.8449579629	6764214.715316489	-28.85409196648789	-7188.030852212364	2180.8516755729206	-0.03334787852509859	2064744.7464572247	3881864.713177492	5539378.740098576	-7179.099205890226	1258.1670162892797	1786.9181145152252	19564019.864486124	5295105.645850862	-0.5657588300492961	-1158.7157050109151	4280.881201358005	-0.0009318495337944696
827124060.905463	1632268.7256560873	120209.16436437241	6880538.812582188	-7299.192410031261	30.37098275271201	1727.0052644442903	-280566.75614377053	123544.91259456595	7068609.315084743	-7492.207048814843	-4.922107865443891	-297.8668655909073	-285769.66840357246	-111027.67151585477	7068598.264417245	-5294.333958213926	-5301.25530973028	-297.89287633356105	1625701.7168079084	6881236.512399303	-30.820741807497313	-7312.933415658241	1718.5369673749487	-0.03215179733188235	1630114.0638350195	3949454.379033901	5635290.568132457	-7303.707693446123	994.0624881861497	1409.0624074971888	19492812.739961773	5551494.765190346	-0.622998309758366	-1214.8210229273166	4265.300010458445	-0.0009760774828426017
827124120.905463	1191318.828434299	121787.69411937358	6970171.943445675	-7394.194516763624	22.22907816783551	1259.7639027243636	-729232.1327792257	123000.91075750618	7036472.275638931	-7458.283855654445	-13.20529756426939	-773.0128034085451	-602640.7557613502	-428665.67365775385	7036459.626077221	-5264.488982429207	-5283.1230160758	-773.040055603508	1183919.8380525834	6970297.322552943	-32.70568216218532	-7408.145805171424	1249.1335763592658	-0.03062462313969209	1188890.736871216	4001071.68927886	5708351.786389254	-7398.780302373514	725.9333479111954	1025.4867255414874	19418245.529174507	5806926.942009009	-0.6828812957229426	-1270.716971797694	4248.9835752950985	-0.0010199638258728448
827124180.905463	745562.3030051184	122874.86706789891	7031608.960964906	-7459.360504777602	13.99787424865778	787.4485112805564	-1174959.5155839473	121961.325395082	6975909.346731056	-7394.305478155554	-21.436072917409582	-1245.080999982691	-917083.8986085765	-744576.5066083758	6975895.029917488	-5213.42866976564	-5243.701443625371	-1245.1092880087162	737326.2322611944	7031028.793132509	-34.48913997665128	-7473.267730019341	774.5448848610115	-0.02876979986102264	742859.0172796585	4036507.39811176	5758265.429624902	-7463.933368935485	454.85623513114336	637.7354157731248	19340331.08346251	6061358.14535138	-0.7453868275098812	-1326.3939179207068	4231.934706952967	-0.001063493108932784
827124240.905463	296797.6618176665	123466.30991145814	7064602.078934765	-7494.431740852812	5.710238407172264	311.95018628035837	-1615952.4450329766	120430.28701309787	6887161.879152203	-7300.519772990565	-29.581619638255027	-1712.1842932390114	-1227831.71881701	-1057486.9623662934	6887145.839244388	-5141.3514965722725	-5183.142680677144	-1712.2134064799127	287735.2955584582	7063177.496801387	-36.15161359007802	-7508.020662042592	296.69706896964954	-0.026592929178505087	293822.6283899754	4055617.227109593	5784827.718023389	-7498.901695489997	181.91940957974742	247.36933378733193	19259082.831063177	6314744.5167154195	-0.8104930202100895	-1381.8422652997342	4214.156342712391	-0.0011066499707782895
827124300.905463	-153164.59079045977	123559.62837346198	7069017.372192912	-7499.267230587531	-2.600749229651788	-164.82794683873988	-2050432.8319984626	118413.8864902155	6770583.956266713	-7177.291096407348	-37.609425985978305	-2172.453231696826	-1533631.2149927723	-1366135.4383564258	6770566.150072049	-5048.5381024047765	-5101.6814057896645	-2172.482959977208	-163025.55220568273	7066606.066617335	-37.67400192875344	-7512.249189900149	-182.46867029260642	-0.024101759454668928	-156402.37367235083	4058322.4397794115	5787928.871228576	-7503.539515616211	-91.78134101799941	-144.0400441580116	19174514.77480124	6567042.377609196	-0.8781770701211243	-1437.0524572951883	4195.651545544057	-0.0011494191468731636
827124360.905463	-602509.0320748087	123154.41638517551	7044835.2918633865	-7473.844070042315	-10.901915074260968	-640.9776183859669	-2476647.9203583198	115920.15336984614	6626641.126209845	-7025.099336437125	-45.48740130746664	-2624.04291481965	-1833248.6703842403	-1669276.8759850576	6626621.523008578	-4935.350521222424	-4999.63428648427	-2624.0730533173437	-613123.2827586276	7041293.862142392	-39.0377326708231	-7485.921879209333	-661.0039655364039	-0.021306162506270425	-605994.7853272532	4044610.1699749487	5767553.5682384465	-7477.821079952337	-365.14681252977863	-534.916536642884	19086641.489677932	6818208.237076621	-0.9484152606690882	-1492.0149782700776	4176.423503582384	-0.0011917854733660893
827124420.905463	-1049422.4118697438	122252.25811183412	6992150.76724843	-7418.257577852616	-19.16011149327167	-1114.5923082004567	-2892877.1813796856	112959.02703460342	6455908.723431019	-6844.538603945983	-53.18399473298674	-3065.1398404994447	-2125474.5074785473	-1965687.6559407304	6455887.304525067	-4802.231171340993	-4877.399136920308	-3065.1701939456916	-1060726.7113083652	6987337.162127701	-40.22488865302814	-7429.131631393782	-1136.9611999947754	-0.018218098233118395	-1053135.464668001	4014533.503159093	5723781.051724417	-7421.840863111561	-637.0785104887052	-923.6851928798086	18995478.120361652	7068198.79919093	-1.021182968568467	-1546.7203552285418	4156.47552957739	-0.001233733891044845
827124480.905463	-1492100.7419126919	120856.72280782199	6911172.893766176	-7332.72110726521	-27.34233643201609	-1583.7741507525766	-3297439.1189163225	109542.32075666371	6259069.779311117	-6636.315565695423	-60.66831392768273	-3493.9687537582327	-2409128.074467065	-2254170.4354308075	6259046.537346245	-4649.701592330395	-4735.453822595118	-3493.999139769139	-1504013.9548035883	6904948.881225502	-41.21833179200168	-7342.095536033323	-1608.4014509052217	-0.014851567155694861	-1496014.5415921821	3968211.309789518	5656784.875774546	-7335.813389666629	-906.4827857524831	-1308.77824156445	18901040.378580514	7316970.970514645	-1.0964546702185014	-1601.1591594470756	4135.811060325126	-0.0012752494492664578
827124540.905463	-1928756.3641726067	118973.35248701711	6802224.206188833	-7217.5655330288655	-35.41585328937527	-2046.6408535923795	-3688697.9633766795	105683.6786255786	6036912.52207056	-6401.24740032233	-67.91024372157742	-3908.7994861949733	-2683062.348001907	-2533558.91177368	6036887.460187792	-4478.360915502292	-4574.354898465004	-3908.829737616289	-1941179.8660559857	6794457.810120682	-42.00182379792297	-7225.154213572336	-2073.4024266672686	-0.011222550981690727	-1932838.6059599426	3905827.8304057084	5566832.296503667	-7220.072674818632	-1172.2749745511492	-1688.6410451159988	18803344.54041726	7564481.8675247105	-1.1742039483346185	-1655.32200809816	4114.433656076769	-0.0013163173098621177
827124600.905463	-2357624.9784129737	116609.64239273315	6665739.536357899	-7073.238403752095	-43.34831105499752	-2501.332629536802	-4065070.231231135	101398.52536836729	5790327.466964779	-6140.25935689827	-74.8805643512554	-4307.953770576307	-2946168.535835619	-2802722.495918034	5790300.597842704	-4288.884053806192	-4394.7359659302	-4307.983736766598	-2370443.413105162	6656307.380445435	-42.56014296753799	-7078.770647379633	-2530.066364708313	-0.007348941388461679	-2361837.850472875	3827632.0123265646	5454283.305460811	-7075.071273146098	-1433.3835370243078	-2061.7380506343234	18702407.443506997	7810688.824001545	-1.2544034988133939	-1709.199565866027	4092.3469999264885	-0.0013569227510166094
827124660.905463	-2776972.6085372223	113775.01425227939	6502264.454605122	-6900.302746457038	-51.10786467419597	-2946.019140296389	-4425031.125596536	96704.00909558163	5520304.098863298	-5854.381895586478	-81.55106895047123	-4689.812009475099	-3197380.5620800974	-3060570.8785779243	5520275.443716076	-4082.019596913888	-4197.305733952626	-4689.841556498192	-2790054.973211953	6491053.957834578	-42.87919635680135	-6903.528506353845	-2976.527856685783	-0.003250457276020762	-2781273.144511409	3733936.598252363	5319589.3063286245	-6901.378926916709	-1688.7541872654078	-2426.5587273493425	18598246.484138202	8055549.398380729	-1.3370251378294815	-1762.7825465542737	4069.5548971781814	-0.0013970511711209363
827124720.905463	-3185102.4863672783	110480.782305066	6312453.294350663	-6699.435506819674	-58.663295542431776	-3378.9064456030233	-4767120.752232217	91618.93703175263	5227927.150743364	-5544.747390944098	-87.89467982847243	-5052.819971225556	-3435679.4169871127	-3306058.4708038564	5227896.738339594	-3858.5873980629794	-3982.845770226845	-5052.848980969934	-3198303.511004943	6299364.668486665	-42.946126650706354	-6700.129961523144	-3410.96156750305	0.001051449186970253	-3189443.0146108936	3625116.9675249914	5163291.436081831	-6699.680803975488	-1937.354006465944	-2781.623478300527	18490879.614257563	8299021.381066063	-1.4220398091628779	-1816.061714685058	4046.0612746911806	-0.0014366880925972868
827124780.905463	-3580361.8304386074	106740.11210132884	6097066.7598359	-6471.425606179304	-65.98413195383435	-3798.2439474573284	-5089950.124175133	86163.70431922587	4914372.483400277	-5212.586380635111	-93.88556297790393	-5395.495380920968	-3660097.35239178	-3538188.7000059457	4914340.349165397	-3619.475840860448	-3752.207929817795	-5395.523749209735	-3593523.6105806557	6082014.766607856	-42.74941306925067	-6469.393002385099	-3831.589814628261	0.005533697334065982	-3584690.5066272803	3501609.731354812	4986018.5325790215	-6470.775314323741	-2178.175529042622	-3125.489511541419	18380325.338379096	8541062.801702743	-1.5094175917548323	-1869.0278870895932	4021.8701802050596	-0.0014758191656955434
827124840.905463	-3961148.496212199	102567.97208168656	5856969.117720591	-6217.171594979543	-73.04076923980793	-4202.3313140474675	-5392206.927303392	80360.21602065869	4580902.573771695	-4859.223345698058	-99.49924016282588	-5716.434368962354	-3869721.903321836	-3756018.141755511	4580868.759031507	-3365.6387766947455	-3506.3114509970396	-5716.46200276073	-3974102.331772305	5839884.5521216225	-42.2789656739081	-6212.248261058521	-4236.689974386359	0.010171693131613589	-3965409.90397976	3363911.0839864197	4788484.75152556	-6215.571494274717	-2410.2407897050616	-3456.75665341529	18266602.710398108	8781631.936409399	-1.5991277074906716	-1921.6719344896749	3996.985781643636	-0.0015144301722604266
827124900.905463	-4325917.47286842	97981.07796642523	5593124.974364001	-5937.678881986043	-79.80458923802175	-4589.525362406735	-5672661.018414953	74231.80248693284	4228861.621666098	-4486.072012980765	-104.71269785552175	-6014.31773499668	-4063699.7158072	-3958660.4671645453	4228826.173081353	-3098.0921266164128	-3246.1397111049737	-6014.344548863001	-4338485.8613565015	5573955.850017304	-41.52621246838835	-5929.735354660433	-4624.601682250897	0.014939454146041361	-4330053.275702573	3212574.912559458	4571486.836880188	-5935.085947591957	-2632.605317360847	-3774.073083508669	18149731.33031055	9020687.31496775	-1.6911385292077534	-1973.984783069966	3971.4123663983055	-0.0015525070294685037
827124960.905463	-4673187.200628224	92997.83000795601	5306595.642035446	-5634.056519487411	-86.24807863292328	-4958.246873202149	-5930169.6270037815	67803.1283032526	3859670.2873369567	-4094.6301757986	-109.50449222199613	-6287.916981167914	-4241240.160669526	-4145290.185322756	3859633.256569163	-2817.9101454406537	-2972.736639062315	-6287.9428931273305	-4685185.930662383	5285308.064673794	-40.484178720781266	-5622.99875866286	-4993.733794698423	0.019809743760704233	-4677136.827438019	3048210.6693300866	4335901.050091586	-5630.439334333055	-2844.3620596468704	-4076.1409678855935	18029731.340838317	9258187.727968648	-1.7854175889267057	-2025.957416040769	3945.1543405908155	-0.0015900357935338786
827125020.905463	-5001545.681415607	87638.24319039001	4998535.099065861	-5307.513526754408	-92.34494561048015	-5306.987305417299	-6163682.23186357	61100.09507586849	3474820.075203239	-3686.4740351431165	-113.85484930352116	-6536.1000656239885	-4401618.713068133	-4315146.160198356	3474781.5188402873	-2526.2213502921654	-2687.2027855465667	-6536.124992670231	-5012785.971882832	4975113.824420203	-39.14755797128242	-5293.283226310334	-5342.57108090727	0.0247542139931596	-5005247.028005924	2871481.0109536815	4082679.765043773	-5302.852400252406	-3044.6452198134734	-4361.721964269698	17906623.423961066	9494092.23391327	-1.881931586304061	-2077.58087519102	3918.2162283156135	-0.0016270026633821493
827125080.905463	-5309656.354703643	81923.87049645298	4670185.55104855	-4959.354737290985	-98.0702341763212	-5634.315373349305	-6372245.083993439	54149.73837413575	3075867.382022914	-3263.2520706821083	-117.74575950791616	-6757.836825327701	-4544180.07785733	-4467534.881613595	3075827.361780202	-2224.204120722428	-2390.6910567111076	-6757.860678776362	-5319946.986361309	4644634.233472232	-37.51277423043639	-4941.928771473605	-5669.680613486174	0.029743556204529856	-5313046.48384005	2683099.210684397	3812847.737252531	-4953.641542547306	-3232.6339857645535	-4629.642570107329	17780428.79735516	9728360.166268244	-1.9806463973043418	-2128.846262431234	3890.6026708618965	-0.0016633939842914422
827125140.905463	-5596263.70964458	75877.71940360454	4322872.602599988	-4590.976159795404	-103.40043540184398	-5938.883443513521	-6555005.348053373	46980.119196288375	2664427.2309103245	-2826.678458142741	-121.16106551140706	-6952.204016522677	-4668341.041393059	-4601833.470413029	2664385.814109323	-1913.0819827346238	-2084.402122511086	-6952.226697448803	-5605413.099238066	4295213.750200179	-35.5780349170318	-4570.365234561373	-5973.71782850602	0.034747658936615404	-5599279.5334359305	2483826.350611184	3527498.057673074	-4584.213911416239	-3407.5561293634432	-4878.799282042899	17651169.21074034	9960951.140473487	-2.0815270830896035	-2179.7447413261425	3862.318425915493	-0.001699196251499826
827125200.905463	-5860198.604136935	69524.16181758209	3958000.051862886	-4203.859848153358	-108.31359479096665	-6219.433704956633	-6711214.835839081	39620.21038109281	2242166.715676488	-2378.526057231342	-124.08654268120524	-7118.389921779353	-4773593.031326797	-4717492.398766548	2242123.975988684	-1594.1185943913074	-1769.5795160530351	-7118.411316772384	-5868016.776082585	3928274.712430885	-33.34337413222797	-4180.106453292915	-6253.43222637851	0.03973577206023732	-5862777.534050442	2274468.3024064116	3227787.803428346	-4196.062051260258	-3568.691452735945	-5108.1635333887825	17518866.942134753	10191825.06090156	-2.1845378991243987	-2230.2675386167502	3833.368366740717	-0.0017343961137782982
827125260.905463	-6100383.261386168	62888.83770179113	3577044.322823809	-3799.5682820604743	-112.7894149043627	-6474.804063310861	-6840233.306921946	32099.778440092	1810798.1829861687	-1920.619001781349	-126.50997116087674	-7255.698474419862	-4859504.367145018	-4814037.90769521	1810754.2014165507	-1268.6124559881728	-1447.5044457381955	-7255.718451880045	-6106683.678510695	3545311.532150668	-30.810685916945708	-3772.744062233371	-6507.672686574869	0.04467667637033798	-6102463.813268806	2055872.5064911032	2914933.3998170607	-3790.7580902938334	-3715.3750573139423	-5316.786374784098	17383544.794019	10420942.12776734	-2.289642304494054	-2280.405945731563	3803.7574813423275	-0.0017689803769682904
827125320.905463	-6315835.914817388	55998.55271396322	3181548.5535658714	-3379.738266837552	-116.80935234105739	-6703.933706839722	-6941531.313721529	24449.26133510618	1372072.182689171	-1454.8249310979754	-128.42119881492167	-7363.552854279883	-4925722.1857461855	-4891074.105370932	1372027.048760465	-937.8913728864188	-1119.4903471551906	-7363.571261462589	-6320437.137279461	3147884.583548923	-27.983747192742626	-3349.940946993362	-6735.392370800591	0.04953885772019396	-6317358.2587402165	1828924.5609946218	2590205.710074494	-3369.9474927124766	-3847.000410828919	-5503.802862499916	17245226.089409806	10648262.843986802	-2.396802971434132	-2330.151320286713	3773.490871607744	-0.0018029360074834212
827125380.905463	-6505675.072933921	48881.17021609701	2773116.3617145214	-2946.074368449283	-120.356708161332	-6905.868291853074	-7014692.57082269	16699.642771702464	927770.2193201481	-983.0469082538193	-129.8121943047256	-7441.498513151786	-4971974.028177421	-4948284.731506145	927724.0324073681	-603.3067038439185	-786.8772065322188	-7441.515174140258	-6508402.222964172	2737613.809812203	-24.868230142020135	-2913.4243808790475	-6935.6531910313515	0.05429068474907532	-6506581.520401433	1594544.6333776433	2254924.8714958103	-2935.342393243048	-3963.022187433115	-5668.436118832	17103934.667844057	10873748.021983765	-2.5059817950688745	-2379.495087574736	3742.5737524296587	-0.0018362501357736675
827125440.905463	-6669123.376906537	41565.49807857908	2353405.3114857418	-2500.3419074368203	-123.41671084144711	-7079.764695288089	-7059415.831281094	8882.32362024547	479697.3401004819	-507.2150771678638	-130.67708966348155	-7489.205593766646	-4998069.075753367	-4985434.5751919495	479650.21085548296	-266.2274319199747	-451.0256919281596	-7489.220308520584	-6669809.396042235	2316172.0754366717	-21.471703841149463	-2464.9788735319744	-7107.6298207616455	0.05890058922530037	-6669358.800871363	1353683.709064212	1910454.8986466634	-2488.7145397169134	-4062.958856629137	-5810.001029771618	16959694.881273832	11097358.790443394	-2.6171399033563887	-2428.428742041734	3711.0114508092006	-0.001868910059752496
827125500.905463	-6805511.025332646	34081.170753175116	1924120.1098324438	-2044.3595431854444	-125.97659088041038	-7224.895284001169	-7075516.255931039	1028.9911107833532	29674.596753808553	-29.278115476687105	-131.01221185039512	-7506.470712675154	-5003899.026115385	-5002370.535829915	29626.64855183888	71.96590138600658	-113.31113208668847	-7506.483257263347	-6803997.720030107	1885278.292063634	-17.803625019611605	-2006.4387627049884	-7250.61322991077	0.06333724800017516	-6805023.211412083	1107319.6928590196	1558198.076432255	-2031.8878750853346	-4146.3949977408065	-5927.907546679979	16812531.589873176	11319056.601011317	-2.730237667238293	-2476.9438487526795	3678.809404939796	-0.0019009032481848978
827125560.905463	-6914278.742716129	26458.527140899416	1487005.5621265182	-1579.9914874264293	-128.02564623177312	-7340.651653385776	-7062926.265259019	-6828.513524543117	-420468.57999083435	448.8054556847549	-130.81610289152403	-7493.218084707423	-4989438.602317518	-4999022.319292036	-420517.2096557865	409.8873552805322	224.88261412201365	-7493.228212788815	-6910417.623232399	1446690.3469499953	-13.87531787915378	-1539.6805817671352	-7364.013726058076	0.06756976554813954	-6913018.67290551	856453.3802768637	1199589.1677269149	-1566.730795867463	-4212.983318254687	-6021.66356100597	16662470.15775731	11538803.234937204	-2.8452347109914773	-2525.032044844601	3645.9731632718917	-0.0019322173440364883
827125620.905463	-6994980.270765565	18728.484828252163	1043839.3205331125	-1109.1393928781442	-129.55529780832066	-7426.54779226919	-7021695.867167004	-14658.328268413501	-868902.0532306567	925.0760409667437	-130.0895283524936	-7449.499974630226	-4954745.690697979	-4975402.764088108	-868951.2114773898	746.1517966598886	562.1693525870888	-7449.507420200889	-6988633.196656993	1002197.8641553107	-9.69994296888784	-1066.6152368040048	-7447.3634870272	0.07156785605480934	-6992902.343672417	602104.3171504375	836089.4620356836	-1095.14812921445	-4262.446356480326	-6090.877324146904	16509536.448615018	11756560.809661651	-2.9620899227796063	-2572.6850409674053	3612.5083835586934	-0.0019628401677821167
827125680.905463	-7047284.364556173	10922.41130767888	596424.4606567817	-633.7339692402625	-130.55913440285488	-7482.2226365505985	-6951992.457846094	-22428.70369044486	-1313802.6594637837	1397.5817535115643	-128.8354740332521	-7375.4964699570555	-4899961.106057838	-4931607.795067019	-1313852.1769575567	1079.3811084388556	897.1667668345108	-7375.50095133229	-7038324.017715565	553614.8293528006	-5.292455174795919	-589.1800282689776	-7500.3185722920225	0.07530202400770518	-7044346.55863427	345306.5669799956	469180.6932242294	-619.0728754284852	-4294.577851577354	-6135.259388299466	16353756.821254967	11972291.78534525	-3.080761465401914	-2619.894622712087	3578.420831883085	-0.001992759720673848
827125740.905463	-7070976.278900824	3071.99283419555	146581.92409987416	-155.72638416305847	-131.03294648168034	-7507.4419805865355	-6854100.096934512	-30108.13576823725	-1753361.8542073122	1864.3871451723187	-127.05913092291482	-7271.514577368062	-4825307.985465696	-4867816.004972493	-1753411.5443676468	1408.2103526384587	1228.502602258537	-7271.515802320891	-7059286.491454131	102772.10984749225	-0.6695509448561436	-109.33055303538731	-7522.660403218908	0.07874374224443875	-7067140.267251583	87104.40641676978	100358.85567478789	-140.45776674838947	-4309.243767022199	-6154.624048501091	16195158.125066712	12185958.971338712	-3.2012067872368397	-2666.652652026078	3543.7163816658967	-0.002021964187967254
827125800.905463	-7065958.733868564	-4790.898401061831	-303857.133785189	322.92048885390807	-130.9747484359109	-7502.099722735295	-6728418.262062816	-37665.49745777152	-2185793.2833603243	2323.5818194166204	-124.76786859942833	-7137.9866536237605	-4731090.814781177	-4784287.866957148	-2185842.941908804	1731.2938425107513	1554.820775725734	-7137.9843255552905	-7051434.703230968	-348490.09809431277	4.1503950664581195	370.96747660844426	-7514.296704772983	0.08186562642006254	-7061189.960820479	-171452.02999212645	-268872.05072964414	338.7333036206151	-4306.382956964987	-6148.890270917773	16033767.695397185	12397525.532592922	-3.323382633377961	-2712.951068615499	3508.4010126556864	-0.0020504419421051353
827125860.905463	-7032252.35220615	-12634.33807886575	-753059.0504919972	800.2409105634192	-130.38478901580078	-7466.218429537714	-6575460.091713147	-45070.16832894425	-2609340.240912053	2773.288864490341	-121.97119740012533	-6975.468189971513	-4617694.094684066	-4681364.583874379	-2609389.645817231	2047.3110797712684	1874.7873661629324	-6975.462014946543	-7014800.778967349	-798329.8621374781	9.14740368863615	849.7464599964413	-7475.2619039823885	0.08464160486917217	-7026520.083020334	-429311.13414489815	-637006.3156495608	816.5339259956099	-4286.007468574496	-6118.082097672997	15869613.348843431	12606954.996007845	-3.4472450569596695	-2758.7818913340634	3472.4808099002107	-0.0020781815458582546
827125920.905463	-6969995.565383071	-20426.483827923883	-1199195.3761689584	1274.2751372036973	-129.2655498210938	-7399.949211513537	-6395850.128961536	-52292.161605606496	-3022282.9749658583	3211.6730480590845	-118.68071982130094	-6784.634976620259	-4485580.655555986	-4559466.582760885	-3022331.886831258	2354.972515673455	2187.0964442172594	-6784.624671064778	-6949534.751327188	-1244911.1143241343	14.29997495400104	1325.04514386002	-7405.716983154776	0.08704708285916303	-6963272.92102309	-685424.2158599236	-1002542.8217997809	1290.983834703582	-4248.202477293263	-6062.328524000989	15702723.378462426	12814211.256719165	-3.572749430669974	-2804.1372195584036	3435.9619626997614	-0.002105171755422193
827125980.905463	-6879443.989012277	-28135.708852235817	-1640450.5653445388	1743.078235571506	-127.62173187168425	-7303.570912251273	-6190321.582061496	-59302.247980607215	-3422945.8058532993	3636.9487193093623	-114.91007172404676	-6566.279680688101	-4335289.632937616	-4419091.66534268	-3422993.968781345	2653.0250981078752	2490.4757023563184	-6566.2649795152165	-6855903.932421995	-1686411.2263662796	19.585181479027675	1794.9168294937708	-7305.948788555293	0.08905910025859187	-6871707.977939082	-938749.8794640682	-1363991.325279714	1760.137526784008	-4193.12585582709	-5981.862849104155	15533126.548898788	13019258.58432159	-3.699850458447774	-2849.0092345495755	3398.8507635425435	-0.0021314015234693362
827126040.905463	-6760969.272414228	-35730.73439910075	-2075029.59963367	2204.7287856106736	-125.46023043345228	-7177.48862111942	-5959713.120900711	-66072.07561415358	-3809704.022298866	4047.387370222712	-110.67485402655795	-6321.30787692566	-4167434.1174329193	-4260812.827599284	-3809751.165248872	2940.257571030858	2783.6918507525925	-6321.288541834227	-6734291.795874627	-2121028.5272016544	24.978771084569974	2257.4375141272417	-7176.368797965587	0.0906564816787461	-6752200.83082348	-1188258.3636404478	-1719878.6813260368	2222.072781884247	-4121.0073815718915	-5877.021507654174	15360852.091431217	13222061.62902774	-3.828502187361909	-2893.3902008005125	3361.1536070222796	-0.0021568600021559113
827126100.905463	-6615057.43100824	-43180.760371991	-2501165.5013625063	2657.3374065163375	-122.79009841969382	-7022.231528284009	-5704965.231067836	-72574.2857672379	-4180990.524104318	4441.3248142483435	-105.99255564729278	-6050.733575333636	-3982698.494816014	-4085275.763366319	-4181036.3627468604	3215.5054971891486	3065.5557488388295	-6050.709403010291	-6585196.373296046	-2546989.7305155774	30.45527817612956	2710.71392969684	-7017.511353229298	0.09181997818699311	-6605241.481840781	-1432935.8230773131	-2068754.9846697333	2674.899028089061	-4032.1475909353408	-5748.242394254542	15185929.698938519	13422585.427761568	-3.9586580196692367	-2937.272467369193	3322.8769887382223	-0.002181536546082574
827126160.905463	-6442306.673953011	-50455.593415880794	-2917126.69940791	3099.055045962369	-119.62249882504062	-6838.4501485474775	-5427116.149562698	-78782.6235697519	-4535302.182583419	4817.167947682466	-100.8824685267111	-5755.674293410765	-3781835.4936883394	-3893196.0686163763	-4535346.421637088	3477.6559801587887	3334.9272473829515	-5755.645123361755	-6409228.1724210465	-2962557.2403773097	35.98814335257742	3152.8914428018543	-6830.031366531998	0.0925323997369572	-6431432.213423569	-1671788.5310745207	-2409199.5945722284	3116.7655011348697	-3926.9162925447513	-5596.062698241779	15008389.52078606	13620795.410185259	-4.090270725048963	-2980.648469197295	3284.0275041777654	-0.002205420715208648
827126220.905463	-6243424.742944079	-57525.771833815124	-3321224.21035576	3528.0809768315703	-115.97064677238076	-6626.912947610826	-5127297.408043107	-84672.04347392207	-4871205.892918874	5173.401066486829	-95.3655955965353	-5437.345723114522	-3565662.9593150383	-3685356.164411394	-4871248.228939092	3725.6520669953584	3590.7197211513976	-5437.311444858962	-6207107.626298982	-3366036.303742146	41.5498406619784	3582.1617804247976	-6614.7015117439305	0.09277873751265982	-6231484.961311665	-1903846.9830820384	-2739827.015798896	3545.8691480287575	-3805.7507545571893	-5421.11627081595	14828262.157633564	13816657.40465856	-4.223292453010393	-3023.510728414109	3244.6118475818453	-0.002228502277718517
827126280.905463	-6019225.781244327	-64362.68673164493	-3711818.6002879883	3942.6704516104887	-111.8497418607119	-6388.502410513916	-4806729.010911599	-90218.80899650599	-5187344.295656082	5508.591718807057	-89.46455258402914	-5097.056043661388	-3335060.373231368	-3462601.957556319	-5187384.420229963	3958.4968181301942	3831.904277540767	-5097.016603032276	-5979662.085031809	-3755781.9793255934	47.11201187669135	3996.7705469914245	-6372.408914654131	0.09254627544107316	-6006218.222170506	-2128169.882145107	-3059292.60823239	3960.462230409472	-3669.1535841248196	-5224.130550547239	14645578.656165106	14010137.644129533	-4.357674745471233	-3065.8518556254844	3204.6368107933213	-0.002250771212840276
827126340.905463	-5770626.75481936	-70938.69883188514	-4087326.6950511322	4341.141971215807	-107.27689159030376	-6124.21059706867	-4466714.276506745	-95400.58640643353	-5482441.147614952	5821.396080843568	-83.20346453491474	-4736.199931051421	-3090965.138854123	-3225839.258703293	-5482478.750901634	4175.257036374022	4057.5136317896595	-4736.155335374505	-5727822.363582667	-4130205.8932583304	52.64560711702274	4395.0244995308585	-6104.151358327713	0.09182469018956237	-5756553.515022134	-2343847.9883878008	-3366298.0994966663	4358.85958791764	-3517.690319452986	-5005.92307671144	14460370.503742233	14201202.7719557	-4.493368549503551	-3107.664551187588	3164.1092820885397	-0.002272217713615381
827126400.905463	-5498643.449829634	-77227.2504463642	-4446228.009669747	4721.884132234185	-102.27102670887678	-5835.134232945373	-4108634.3701914055	-100196.53206693867	-5755306.325515975	6110.563850752186	-76.60785791327287	-4356.252313733015	-2834368.6536710076	-2976029.9780676	-5755341.100058984	4375.066651842121	4266.645644370772	-4356.202635685675	-5452618.861132462	-4487782.7529738555	58.12103111366818	4775.298549060617	-5811.033022108257	0.09060613903093756	-5483511.417946376	-2550007.8159520607	-3659596.876814062	4739.445527232218	-3351.9867567711335	-4767.3976225932765	14272669.62298111	14389819.847654587	-4.6303242302444385	-3148.9416064652573	3123.0362449922727	-0.002292832189618961
